# Made in Blockbench 4.1.3
mtllib kitchen_stove_ash.mtl

o ashBase
v 0.6875 1 0.6875
v 0.6875 1 0.3125
v 0.875 0.875 0.875
v 0.875 0.875 0.125
v 0.3125 1 0.6875
v 0.3125 1 0.3125
v 0.125 0.875 0.875
v 0.125 0.875 0.125
vt 0.75 0.25
vt 0.5 0.4375
vt 0.5 0.8125
vt 0.75 1
vt 0 1
vt 0.25 0.8125
vt 0.25 0.4375
vt 0 0.25
vt 0.1875 0.4375
vt 0.1875 0.8125
vt 0.5625 0.8125
vt 0.5625 0.4375
vt 0 0.25
vt 0.1875 0.5
vt 0.5625 0.5
vt 0.75 0.25
vt 0.75 1
vt 0.5625 0.75
vt 0.1875 0.75
vt 0 1
vn 0.5547001962252291 0.8320502943378438 0
vn -0.5547001962252291 0.8320502943378438 0
vn 0 1 0
vn 0 0.8320502943378438 0.5547001962252291
vn 0 0.8320502943378438 -0.5547001962252291
usemtl m_0
f 4/1/1 2/2/1 1/3/1 3/4/1
f 7/5/2 5/6/2 6/7/2 8/8/2
f 1/9/3 2/10/3 6/11/3 5/12/3
f 3/13/4 1/14/4 5/15/4 7/16/4
f 8/17/5 6/18/5 2/19/5 4/20/5
o ashChunk
v 0.35468497697746687 0.99375 0.31656290156034234
v 0.3885143794216976 0.99375 0.20926974460116676
v 0.35468497697746687 0.88125 0.31656290156034234
v 0.3885143794216976 0.88125 0.20926974460116676
v 0.2473918200182913 0.99375 0.2827334991161116
v 0.281221222462522 0.99375 0.17544034215693605
v 0.2473918200182913 0.88125 0.2827334991161116
v 0.281221222462522 0.88125 0.17544034215693605
v 0.6432144772299053 0.99375 0.5379833978438592
v 0.7261581776210443 0.99375 0.613987296200621
v 0.6432144772299053 0.88125 0.5379833978438592
v 0.7261581776210443 0.88125 0.613987296200621
v 0.719218375586667 0.99375 0.4550396974527204
v 0.8021620759778061 0.99375 0.5310435958094821
v 0.719218375586667 0.88125 0.4550396974527203
v 0.8021620759778061 0.88125 0.5310435958094821
v 0.48042637214650896 0.99375 0.7046521392330239
v 0.4328818177006801 0.99375 0.806611765274647
v 0.48042637214650896 0.88125 0.7046521392330239
v 0.4328818177006801 0.88125 0.8066117652746471
v 0.582385998188132 0.99375 0.7521966936788527
v 0.5348414437423032 0.99375 0.8541563197204758
v 0.582385998188132 0.88125 0.7521966936788527
v 0.5348414437423032 0.88125 0.8541563197204758
v 0.3133379295456293 0.99375 0.5523010177117765
v 0.2795085271013986 0.99375 0.44500786075260085
v 0.3133379295456293 0.88125 0.5523010177117765
v 0.2795085271013986 0.88125 0.44500786075260085
v 0.20604477258645376 0.99375 0.5861304201560072
v 0.17221537014222293 0.99375 0.4788372631968316
v 0.20604477258645376 0.88125 0.5861304201560072
v 0.17221537014222293 0.88125 0.4788372631968316
v 0.695906090264895 0.99375 0.2890226817946472
v 0.8016215101033097 0.99375 0.25054541567050936
v 0.695906090264895 0.88125 0.2890226817946472
v 0.8016215101033097 0.88125 0.25054541567050936
v 0.6574288241407573 0.9937500000000001 0.18330726195623243
v 0.763144243979172 0.9937500000000001 0.14482999583209472
v 0.6574288241407573 0.8812500000000001 0.18330726195623243
v 0.763144243979172 0.8812500000000001 0.1448299958320946
vt 0.5 0.125
vt 0.5 0.25
vt 0.625 0.25
vt 0.625 0.125
vt 0.25 0
vt 0.25 0.125
vt 0.375 0.125
vt 0.375 0
vt 0 0.125
vt 0 0.25
vt 0.125 0.25
vt 0.125 0.125
vt 0.5 0.125
vt 0.5 0.25
vt 0.625 0.25
vt 0.625 0.125
vt 0.25 0.125
vt 0.125 0.125
vt 0.125 0.25
vt 0.25 0.25
vt 0.375 0.125
vt 0.25 0.125
vt 0.25 0.25
vt 0.375 0.25
vt 0.5 0.125
vt 0.5 0.25
vt 0.625 0.25
vt 0.625 0.125
vt 0.25 0.125
vt 0.125 0.125
vt 0.125 0.25
vt 0.25 0.25
vt 0.375 0.25
vt 0.5 0.25
vt 0.5 0.125
vt 0.375 0.125
vt 0 0
vt 0 0.125
vt 0.125 0.125
vt 0.125 0
vt 0 0
vt 0 0.125
vt 0.125 0.125
vt 0.125 0
vt 0 0.125
vt 0 0.25
vt 0.125 0.25
vt 0.125 0.125
vt 0.75 0.25
vt 0.75 0.125
vt 0.625 0.125
vt 0.625 0.25
vt 0.75 0.25
vt 0.75 0.125
vt 0.625 0.125
vt 0.625 0.25
vt 0.25 0.125
vt 0.125 0.125
vt 0.125 0.25
vt 0.25 0.25
vt 0 0.125
vt 0 0.25
vt 0.125 0.25
vt 0.125 0.125
vt 0.75 0.25
vt 0.75 0.125
vt 0.625 0.125
vt 0.625 0.25
vt 0.375 0.25
vt 0.5 0.25
vt 0.5 0.125
vt 0.375 0.125
vt 0.25 0
vt 0.25 0.125
vt 0.375 0.125
vt 0.375 0
vt 0.375 0.125
vt 0.25 0.125
vt 0.25 0.25
vt 0.375 0.25
vt 0 0.125
vt 0 0.25
vt 0.125 0.25
vt 0.125 0.125
vt 0 0
vt 0 0.125
vt 0.125 0.125
vt 0.125 0
vt 0.375 0.125
vt 0.25 0.125
vt 0.25 0.25
vt 0.375 0.25
vt 0.25 0
vt 0.25 0.125
vt 0.375 0.125
vt 0.375 0
vt 0.375 0.25
vt 0.5 0.25
vt 0.5 0.125
vt 0.375 0.125
vn 0.9537169507482269 -3.485107017115953e-18 0.300705799504273
vn -0.9537169507482269 3.485107017115953e-18 -0.300705799504273
vn 1.7174850798540372e-18 1 6.142589823166142e-18
vn -0.300705799504273 -5.341834311772935e-18 0.9537169507482269
vn 0.300705799504273 5.341834311772935e-18 -0.9537169507482269
vn -0.6755902076156605 -3.368476164265516e-18 0.737277336810124
vn 0.6755902076156595 4.505701528598932e-16 -0.7372773368101248
vn 1.7174850798540372e-18 1 6.142589823166142e-18
vn -0.7372773368101241 5.416136359616563e-18 -0.6755902076156601
vn 0.7372773368101239 -5.416136359616566e-18 0.6755902076156606
vn -0.9063077870366496 -1.2465917830378018e-16 -0.42261826174070066
vn 0.9063077870366498 -4.152540735643563e-18 0.4226182617406997
vn 1.7174850798540372e-18 1 6.142589823166142e-18
vn 0.42261826174070066 4.8412364302940495e-18 -0.9063077870366496
vn -0.42261826174070044 -4.841236430294049e-18 0.9063077870366495
vn 0.9537169507482272 2.091177504880142e-19 -0.30070579950427245
vn -0.953716950748227 -2.0911775048801886e-19 0.30070579950427306
vn 1.7174850798540372e-18 1 6.142589823166142e-18
vn 0.30070579950427284 -6.374749759921274e-18 0.9537169507482272
vn -0.30070579950427295 6.374749759921273e-18 -0.953716950748227
vn 0.3420201433256686 -6.359560822515219e-18 0.9396926207859086
vn -0.3420201433256691 6.3595608225152174e-18 -0.9396926207859082
vn 3.392451633071902e-16 1 9.334922641937184e-16
vn -0.9396926207859089 -4.869813958613364e-19 0.3420201433256678
vn 0.9396926207859086 6.012522747195893e-16 -0.3420201433256686
usemtl m_0
f 12/21/6 10/22/6 9/23/6 11/24/6
f 15/25/7 13/26/7 14/27/7 16/28/7
f 9/29/8 10/30/8 14/31/8 13/32/8
f 11/33/9 9/34/9 13/35/9 15/36/9
f 16/37/10 14/38/10 10/39/10 12/40/10
f 20/41/11 18/42/11 17/43/11 19/44/11
f 23/45/12 21/46/12 22/47/12 24/48/12
f 17/49/13 18/50/13 22/51/13 21/52/13
f 19/53/14 17/54/14 21/55/14 23/56/14
f 24/57/15 22/58/15 18/59/15 20/60/15
f 28/61/16 26/62/16 25/63/16 27/64/16
f 31/65/17 29/66/17 30/67/17 32/68/17
f 25/69/18 26/70/18 30/71/18 29/72/18
f 27/73/19 25/74/19 29/75/19 31/76/19
f 32/77/20 30/78/20 26/79/20 28/80/20
f 36/81/21 34/82/21 33/83/21 35/84/21
f 39/85/22 37/86/22 38/87/22 40/88/22
f 33/89/23 34/90/23 38/91/23 37/92/23
f 35/93/24 33/94/24 37/95/24 39/96/24
f 40/97/25 38/98/25 34/99/25 36/100/25
f 44/101/26 42/102/26 41/103/26 43/104/26
f 47/105/27 45/106/27 46/107/27 48/108/27
f 41/109/28 42/110/28 46/111/28 45/112/28
f 43/113/29 41/114/29 45/115/29 47/116/29
f 48/117/30 46/118/30 42/119/30 44/120/30